Country Name,Country Code,Region,初等教育投入比例,中等教育投入比例,高等教育投入比例,教育投入占GDP比例
Afghanistan,AFG,South Asia,48.66063933,33.743408,17.59595267,2.5291875
Albania,ALB,Europe & Central Asia,56.39164333,25.25329267,18.355064,3.368113158
Algeria,DZA,Middle East & North Africa,41.579175,38.22256167,20.19826333,6.038816667
American Samoa,ASM,East Asia & Pacific,81.92972667,1.721363333,16.34891,14.62928
Andorra,AND,Europe & Central Asia,25.39358643,69.49644214,5.109971429,2.7144075
Angola,AGO,Sub-Saharan Africa,33.966135,58.961683,7.072182,3.48362
Antigua and Barbuda,ATG,Latin America & Caribbean,34.42462,55.86351667,9.711863333,2.888496667
Argentina,ARG,Latin America & Caribbean,30.4951341,46.62506,22.8798059,3.317577179
Armenia,ARM,Europe & Central Asia,19.637456,68.46746218,11.89508182,2.6943615
Aruba,ABW,Latin America & Caribbean,26.08180667,58.52721917,15.39097417,5.506270588
Australia,AUS,East Asia & Pacific,33.41576824,39.59930543,26.98492633,5.152102
Austria,AUT,Europe & Central Asia,19.18142378,59.00273022,21.815846,5.255458667
Bahrain,BHR,Middle East & North Africa,43.71859333,45.31623167,10.965175,2.566385
Bangladesh,BGD,South Asia,45.5693132,41.89992902,12.53075778,1.726993333
Barbados,BRB,Latin America & Caribbean,28.98861187,44.33307378,26.67831435,5.521395263
Belgium,BEL,Europe & Central Asia,22.859447,57.19730967,19.94324333,5.505539583
Belize,BLZ,Latin America & Caribbean,43.31859545,46.64654182,10.03486273,6.093446154
Benin,BEN,Sub-Saharan Africa,52.512494,27.22908933,20.25841667,3.772832
Bermuda,BMU,North America,33.96546923,47.95087077,18.08366,2.191334667
Bhutan,BTN,South Asia,23.00745154,65.97752346,11.015025,5.865351429
Botswana,BWA,Sub-Saharan Africa,39.27757571,44.34654143,16.37588286,5.993343333
Brazil,BRA,Latin America & Caribbean,31.66969667,49.01536889,19.31493444,4.942773889
British Virgin Islands,VGB,Latin America & Caribbean,34.82583818,43.59528515,21.57887667,4.928734545
Brunei Darussalam,BRN,East Asia & Pacific,30.87248524,58.99868613,10.12882864,3.703405926
Bulgaria,BGR,Europe & Central Asia,19.73273214,63.20598848,17.06127938,3.802161818
Burkina Faso,BFA,Sub-Saharan Africa,58.62453562,23.716425,17.65903938,3.624254444
Burundi,BDI,Sub-Saharan Africa,44.28555474,34.00050426,21.713941,4.5625796
Cabo Verde,CPV,Sub-Saharan Africa,41.36331273,42.93768027,15.699007,5.841076667
Cambodia,KHM,East Asia & Pacific,56.881395,37.488239,5.630366,1.697035385
Cameroon,CMR,Sub-Saharan Africa,35.62096545,44.77103455,19.608,2.898067333
Central African Republic,CAF,Sub-Saharan Africa,53.34572,25.48753545,21.16674455,1.740242941
Chad,TCD,Sub-Saharan Africa,51.49949875,29.70214458,18.79835667,2.272565714
Chile,CHL,Latin America & Caribbean,39.42561467,38.45391467,22.12047067,3.690800323
China,CHN,East Asia & Pacific,32.59273,43.6137568,23.7935132,1.8448652
Colombia,COL,Latin America & Caribbean,39.77960083,39.60766091,20.61273826,3.878741111
Comoros,COM,Sub-Saharan Africa,52.14918222,39.49398222,8.356835556,2.75941125
"Congo, Dem. Rep.",COD,Sub-Saharan Africa,47.46488,25.7222475,26.8128725,1.607514
"Congo, Rep.",COG,Sub-Saharan Africa,37.17376636,41.11323864,21.712995,5.036425789
Costa Rica,CRI,Latin America & Caribbean,37.2525532,37.63410642,25.11334038,5.537177407
Cote d'Ivoire,CIV,Sub-Saharan Africa,40.92255781,39.16377191,19.91367028,5.073189722
Cuba,CUB,Latin America & Caribbean,29.95870133,51.47690713,18.56439154,9.324697059
Curacao,CUW,Latin America & Caribbean,27.46553,67.28433,5.25014,4.93095
Cyprus,CYP,Europe & Central Asia,34.92878357,53.68800143,11.383215,4.795008108
Czech Republic,CZE,Europe & Central Asia,17.34149217,62.83375866,19.82474917,4.17492875
Denmark,DNK,Europe & Central Asia,30.55007828,44.62631228,24.82360944,7.173566389
Djibouti,DJI,Middle East & North Africa,35.68767625,55.83852625,8.4737975,7.394343571
Dominica,DMA,Latin America & Caribbean,52.13711667,42.24016333,5.62272,4.3613075
Dominican Republic,DOM,Latin America & Caribbean,52.73490917,29.55225583,17.712835,1.555550714
Ecuador,ECU,Latin America & Caribbean,36.24096063,39.01609125,24.74294812,3.705037647
El Salvador,SLV,Latin America & Caribbean,48.78559278,41.5059784,9.708428824,3.4494115
Equatorial Guinea,GNQ,Sub-Saharan Africa,34.93217,34.93894,30.12889,2.18798
Eritrea,ERI,Sub-Saharan Africa,29.6265075,55.164975,15.2085175,3.312791429
Estonia,EST,Europe & Central Asia,26.01288722,53.27025539,20.71685739,5.459622857
Eswatini,SWZ,Sub-Saharan Africa,36.47662259,41.39471519,22.12866222,5.703017407
Ethiopia,ETH,Sub-Saharan Africa,37.95550591,36.41161909,25.632875,3.82688381
Fiji,FJI,East Asia & Pacific,45.49289571,41.37190512,13.13519917,5.310018824
Finland,FIN,Europe & Central Asia,28.5795693,46.30562953,25.11480116,5.820823256
France,FRA,Europe & Central Asia,21.84727321,62.83023964,15.32248714,4.627603448
Gabon,GAB,Sub-Saharan Africa,32.82727429,38.77027143,28.40245429,3.100981111
"Gambia, The",GMB,Sub-Saharan Africa,54.38763913,31.12286478,14.48949609,2.398335556
Georgia,GEO,Europe & Central Asia,33.86127667,52.67762333,13.4611,2.903171176
Germany,DEU,Europe & Central Asia,12.72676538,61.98189962,25.291335,4.633450625
Ghana,GHA,Sub-Saharan Africa,31.9314828,51.14098303,16.92753417,4.720397333
Greece,GRC,Europe & Central Asia,34.04559056,40.13808598,25.81632346,2.184492308
Grenada,GRD,Latin America & Caribbean,33.85193,54.47449,11.67358,3.548585
Guatemala,GTM,Latin America & Caribbean,56.16420316,29.88297895,13.95281789,2.472011579
Guinea,GIN,Sub-Saharan Africa,39.67877933,28.90391302,31.41730765,2.273329048
Guinea-Bissau,GNB,Sub-Saharan Africa,54.50741,40.2305025,5.2620875,2.61968
Guyana,GUY,Latin America & Caribbean,33.00948714,57.77034419,9.220168667,5.9930732
Haiti,HTI,Latin America & Caribbean,64.94634333,24.615045,10.43861167,1.875117273
Honduras,HND,Latin America & Caribbean,54.36383667,29.11340708,16.52275625,4.061967778
"Hong Kong SAR, China",HKG,East Asia & Pacific,29.61589143,41.81697857,28.56713,3.066100286
Hungary,HUN,Europe & Central Asia,30.15163622,49.97026269,19.87810109,5.0129928
Iceland,ISL,Europe & Central Asia,33.74784409,47.37764287,18.87451304,6.656361667
India,IND,South Asia,31.37076636,42.65824455,25.97098909,3.625841538
Indonesia,IDN,East Asia & Pacific,44.43319,35.94226,19.62455,2.5434645
"Iran, Islamic Rep.",IRN,Middle East & North Africa,32.12482231,48.13344205,19.74173564,3.869537805
Iraq,IRQ,Middle East & North Africa,43.13668667,30.10843667,26.75487667,3.277446667
Ireland,IRL,Europe & Central Asia,32.9608725,45.66832523,21.37080227,4.896802273
Israel,ISR,Middle East & North Africa,36.40116683,44.50657171,19.09226146,6.070043659
Italy,ITA,Europe & Central Asia,24.75072394,59.34596663,15.90330943,4.255932286
Jamaica,JAM,Latin America & Caribbean,34.717635,46.40694412,18.87542088,4.977137143
Japan,JPN,East Asia & Pacific,33.86694,45.94702333,20.18603667,3.480716667
Jordan,JOR,Middle East & North Africa,41.32294,39.36351545,19.31354455,4.260509583
Kazakhstan,KAZ,Europe & Central Asia,0.68204,86.11528857,13.20267143,3.09205625
Kenya,KEN,Sub-Saharan Africa,53.81002828,31.08814818,15.10182355,5.621546757
Kiribati,KIR,East Asia & Pacific,40.966455,51.109275,7.92427,7.706611667
"Korea, Rep.",KOR,East Asia & Pacific,49.30149185,39.65556148,11.04294667,3.450727778
Kuwait,KWT,Middle East & North Africa,43.014447,35.01699343,21.96855957,4.62750625
Lao PDR,LAO,East Asia & Pacific,43.49499273,42.66083227,13.844175,2.318959412
Latvia,LVA,Europe & Central Asia,24.59574778,58.51850372,16.8857485,5.3837915
Lebanon,LBN,Middle East & North Africa,68.15201,5.596924,26.251066,2.221846875
Lesotho,LSO,Sub-Saharan Africa,45.39674722,34.03891228,20.5643405,8.610915833
Liberia,LBR,Sub-Saharan Africa,25.4822225,49.8963975,24.62138,2.139656667
Libya,LBY,Middle East & North Africa,39.05171,24.71027333,36.23801667,2.26417
Liechtenstein,LIE,Europe & Central Asia,31.59233667,57.17834083,11.2293225,2.24548
Lithuania,LTU,Europe & Central Asia,15.31956571,62.01294619,22.6674881,5.0146935
Luxembourg,LUX,Europe & Central Asia,43.23612273,52.652745,4.111132273,3.655876957
"Macao SAR, China",MAC,East Asia & Pacific,25.146695,33.19849026,41.65481474,2.676387
Madagascar,MDG,Sub-Saharan Africa,43.56894348,38.63329575,17.79776077,3.023815294
Malawi,MWI,Sub-Saharan Africa,42.38678696,33.43152441,24.18168864,4.0033764
Malaysia,MYS,East Asia & Pacific,32.52917394,42.76398939,24.70683667,5.530663529
Maldives,MDV,South Asia,45.25071231,43.42453394,11.32475375,4.479438
Mali,MLI,Sub-Saharan Africa,41.23047059,39.72904588,19.04048353,3.316224783
Malta,MLT,Middle East & North Africa,25.4981329,59.44807437,15.05379273,4.58218
Marshall Islands,MHL,East Asia & Pacific,45.47052,39.82682,14.70266,11.8163
Mauritania,MRT,Sub-Saharan Africa,48.9081975,37.0079475,14.083855,2.874567692
Mauritius,MUS,Sub-Saharan Africa,38.01303176,52.72871,9.258258235,3.94891
Mexico,MEX,Latin America & Caribbean,35.8256884,45.52438368,18.64992792,4.2640752
"Micronesia, Fed. Sts.",FSM,East Asia & Pacific,35.75105,54.68331,9.56564,8.525816667
Moldova,MDA,Europe & Central Asia,19.878676,63.21196317,16.90936083,6.684451579
Monaco,MCO,Europe & Central Asia,15.27619118,83.58673382,1.137075,1.235842222
Mongolia,MNG,East Asia & Pacific,26.50180909,60.82506364,12.67312727,4.941115625
Morocco,MAR,Middle East & North Africa,35.5181125,47.68647708,16.79541042,5.2464332
Mozambique,MOZ,Sub-Saharan Africa,52.94385,31.952135,15.104015,4.793463
Myanmar,MMR,East Asia & Pacific,40.671338,43.91342109,15.41524091,1.926112
Namibia,NAM,Sub-Saharan Africa,51.61921444,31.66698111,16.71380444,6.502628889
Nepal,NPL,South Asia,55.52885643,31.04470071,13.42644286,3.733084286
Netherlands,NLD,Europe & Central Asia,22.04488,48.29664179,29.65847821,5.416391136
New Zealand,NZL,East Asia & Pacific,31.84993875,40.91557917,27.23448208,5.529337297
Nicaragua,NIC,Latin America & Caribbean,44.85175222,37.61669153,17.53155625,3.486381111
Niger,NER,Sub-Saharan Africa,58.38358952,32.90595248,8.710458,3.630388077
Nigeria,NGA,Sub-Saharan Africa,20.163635,41.8646,37.971765,3.13693
North Macedonia,MKD,Europe & Central Asia,55.971816,24.170474,19.85771,4.294133333
Norway,NOR,Europe & Central Asia,36.0834775,41.58512994,22.33139256,6.581280909
Oman,OMN,Middle East & North Africa,46.88369474,44.13447579,8.981829474,3.643375217
Pakistan,PAK,South Asia,36.33775931,44.91458843,18.74765226,2.358752143
Palau,PLW,East Asia & Pacific,44.86443,34.47934,20.65623,7.820986667
Panama,PAN,Latin America & Caribbean,37.93398143,42.26450464,19.80151393,3.80727
Papua New Guinea,PNG,East Asia & Pacific,28.015565,43.66643,28.318005,4.1423025
Paraguay,PRY,Latin America & Caribbean,44.34839,35.17602643,20.47558357,3.079761875
Peru,PER,Latin America & Caribbean,37.85685957,46.62625643,15.516884,3.183633043
Philippines,PHL,East Asia & Pacific,56.16100063,27.6525475,16.18645188,2.708173333
Poland,POL,Europe & Central Asia,31.530346,48.63836483,19.83128917,4.931467917
Portugal,PRT,Europe & Central Asia,38.0132875,45.65122891,16.33548359,4.1450135
Puerto Rico,PRI,Latin America & Caribbean,61.629498,8.099428,30.271074,6.72245
Qatar,QAT,Middle East & North Africa,37.98806429,55.25484238,6.757093333,3.400032727
Romania,ROU,Europe & Central Asia,18.72478143,57.72743982,23.54777875,3.441702353
Rwanda,RWA,Sub-Saharan Africa,48.58867824,33.21772118,18.19360059,3.782455909
Samoa,WSM,East Asia & Pacific,36.547016,33.6860565,29.7669275,4.081923333
San Marino,SMR,Europe & Central Asia,34.61880357,54.28906768,11.09212875,2.613253333
Sao Tome and Principe,STP,Sub-Saharan Africa,53.54578667,35.12711,11.32710333,5.362460625
Senegal,SEN,Sub-Saharan Africa,39.51173462,33.05535846,27.43290692,4.0649135
Serbia,SRB,Europe & Central Asia,46.489835,24.93924833,28.57091667,4.093756
Seychelles,SYC,Sub-Saharan Africa,35.35232909,59.86835996,4.779310952,5.991653333
Sierra Leone,SLE,Sub-Saharan Africa,43.90278909,25.70920182,30.38800909,3.34404
Singapore,SGP,East Asia & Pacific,32.6257975,43.029222,24.3449805,3.006399286
Slovak Republic,SVK,Europe & Central Asia,20.66090792,58.96611792,20.37297417,4.0854675
Slovenia,SVN,Europe & Central Asia,24.64136067,54.28490124,21.0737381,5.333498095
Solomon Islands,SLB,East Asia & Pacific,45.15817,41.18003,13.6618,6.559612857
Somalia,SOM,Sub-Saharan Africa,45.105855,52.70648,2.187665,1.230985
South Africa,ZAF,Sub-Saharan Africa,41.93819882,42.02471007,16.03709111,5.515311429
South Sudan,SSD,Sub-Saharan Africa,53.53767167,16.018375,30.44395333,1.285941667
Spain,ESP,Europe & Central Asia,31.17041667,49.0562955,19.77328784,3.708390811
Sri Lanka,LKA,South Asia,28.52926182,55.23891854,16.23181964,2.53402931
St. Kitts and Nevis,KNA,Latin America & Caribbean,37.9708075,55.0974225,6.93177,3.374680588
St. Lucia,LCA,Latin America & Caribbean,43.5975755,50.04055835,6.361866154,4.772158
St. Vincent and the Grenadines,VCT,Latin America & Caribbean,48.89186308,45.64263692,5.4655,5.862181333
Sudan,SDN,Sub-Saharan Africa,43.068655,35.98434,20.947005,1.716388571
Sweden,SWE,Europe & Central Asia,30.91079571,44.46214786,24.62705643,6.665955
Switzerland,CHE,Europe & Central Asia,30.57114867,47.66984244,21.75900889,4.821546571
Syrian Arab Republic,SYR,Middle East & North Africa,42.0950805,33.5044855,24.400434,4.9643108
Tanzania,TZA,Sub-Saharan Africa,47.42237,31.70386333,20.87376667,3.327046
Thailand,THA,East Asia & Pacific,48.67789121,34.03846965,17.28363914,3.526056923
Timor-Leste,TLS,East Asia & Pacific,66.9860225,22.90775083,10.10622667,2.932222727
Togo,TGO,Sub-Saharan Africa,46.42896192,32.96675665,20.60428143,4.316109286
Tonga,TON,East Asia & Pacific,40.70228667,52.36032583,6.9373875,5.34151625
Trinidad and Tobago,TTO,Latin America & Caribbean,42.99836455,40.76551688,16.23611857,3.86751
Tunisia,TUN,Middle East & North Africa,37.27165842,39.95270365,22.77563793,6.075793103
Turkey,TUR,Europe & Central Asia,44.49517091,27.34803354,28.15679556,2.508343684
Turks and Caicos Islands,TCA,Latin America & Caribbean,32.864815,53.31183722,13.82334778,3.99608
Uganda,UGA,Sub-Saharan Africa,40.263805,41.7943925,17.9418025,2.920579524
Ukraine,UKR,Europe & Central Asia,23.46242286,46.41236714,30.12521,5.566057
United Kingdom,GBR,Europe & Central Asia,27.02984707,51.67731829,21.29283463,4.952696098
United States,USA,North America,31.036805,41.598475,27.36472,4.946395
Uruguay,URY,Latin America & Caribbean,33.788183,42.876982,23.334835,2.792845714
Vanuatu,VUT,East Asia & Pacific,42.351949,50.41007267,7.237978333,6.389331667
"Venezuela, RB",VEN,Latin America & Caribbean,26.27957294,36.67461256,37.0458145,4.1761685
Vietnam,VNM,East Asia & Pacific,29.80114667,54.22306667,15.97578667,4.91963125
Zambia,ZMB,Sub-Saharan Africa,44.76696207,37.56380862,17.66922931,3.730913529
Zimbabwe,ZWE,Sub-Saharan Africa,56.04833375,32.29821438,11.65345188,9.495636667
